
between 1500 & 3000
int[] foodArray = { 1400, 2300, 1987, 2100, 1930, 1740, 200, 300, 400, 500, 600, 700, 800, 900, 300, 500, 700, 
                    500, 400, 100, 2000, 1400, 2300, 1987, 2100, 1930, 1740, 200, 300, 400, 500, 600, 700, 800, 
                    900, 300, 500, 700, 500, 400, 100, 2000 
                    };
                    
                    
between 300 and 2000
int[] exerciseArray = { 800, 1300, 700, 1700, 2250, 700, 650, 999, 1249, 900, 1400, 400, 600, 900, 400, 300, 500, 
                        600, 300, 200, 1000, 1400, 400, 600, 900, 400, 300, 500, 600, 300, 200, 1000 
                        };


between 10 and 200 ounces
int[] waterArray = { 12, 20, 19, 7, 13, 8, 17, 15, 16, 13, 9, 12, 8, 11, 12, 20, 19, 7, 13, 8, 17, 15, 16, 13, 9, 
                    12, 8, 11, 8, 17, 15, 16, 13, 9, 12, 8, 11 
                    };


between 180 and 280
int[] weightArray = { 230, 228, 231, 227, 228, 224, 221, 226, 223, 220, 219, 216, 214, 215, 219, 
                    213, 210, 205, 207, 209, 215, 219, 225, 227, 233, 231, 235, 240 
                    };
         
